id,coef,train_mean,train_std
0,-2.91878410335,,
1,-0.151133773415,0.104376405899,0.301855374779
2,-0.243100816032,0.228672831792,1.37841770272
3,0.0808752422304,0.27752311922,0.50655803076
4,1.16256821688,0.0588427893027,1.30009643317
5,0.328494966408,0.311492126968,0.682416440306
6,0.21850615638,0.0931342164459,0.260967094154
7,0.992354683955,0.109010247438,0.385988497426
8,0.216082232941,0.106575856036,0.411024904728
9,0.250872394355,0.0890952261935,0.266801857527
10,0.0676452734818,0.241359660085,0.662897428613
11,-0.0136017486153,0.0584528867783,0.199918185372
12,-0.135627427777,0.525308672832,0.843993934189
13,0.00478744075146,0.0946363409148,0.304459724708
14,0.0252055775269,0.0607398150462,0.347354793456
15,0.219600528833,0.0504348912772,0.265618261462
16,0.722237880078,0.238297925519,0.721428012499
17,0.499920405065,0.140594851287,0.433074123059
18,0.0741602105732,0.181952011997,0.531665791354
19,0.153173180214,1.6464483879,1.78236911382
20,0.433411902225,0.0877730567358,0.524258871631
21,0.26844765244,0.802896775806,1.19856751232
22,0.267084670386,0.122839290177,1.04584756844
23,1.16246758833,0.102759310172,0.357904504448
24,0.207717344449,0.0957210697326,0.462374832986
25,-2.85963482043,0.537885528618,1.64926449604
26,-0.943816843887,0.255153711572,0.84874959948
27,-4.62326253373,0.822561859535,3.54748001548
28,0.339518865384,0.113941514621,0.502799398944
29,-1.11916072726,0.0882979255186,0.561040798176
30,-0.151228276422,0.0917620594851,0.40896291931
31,-0.410618485407,0.055023744064,0.355798124905
32,-0.982445763984,0.0378830292427,0.264961869548
33,-0.435606381699,0.0983404148963,0.572701706902
34,0.132225751032,0.0386503374156,0.265941117459
35,-0.952928869623,0.0955511122219,0.506593182395
36,0.347320190702,0.086528367908,0.350540539392
37,0.0906870676183,0.139297675581,0.431301613279
38,-0.143687509617,0.014736315921,0.23574930902
39,-0.411561365205,0.0822119470132,0.45576192367
40,-0.182686767494,0.0570907273182,0.294723487385
41,-1.81031054922,0.0473531617096,0.383418332237
42,-1.92020132237,0.137245688578,0.788248604104
43,-0.206456997643,0.0474756310922,0.230458729426
44,-0.919180060371,0.082271932017,0.648314863345
45,-0.805023346809,0.298172956761,0.982180857113
46,-1.36356162516,0.184303924019,0.913392944798
47,-0.122150215521,0.00467633091727,0.0674966774155
48,-0.903002122328,0.0281854536366,0.237613144835
49,-0.33721975295,0.0400517370657,0.250855830254
50,-0.233664341763,0.136027743064,0.268429129344
51,-0.124003450995,0.0164363909023,0.0933552141842
52,0.293359570256,0.266980754811,0.840488432924
53,1.32408582853,0.0757813046738,0.250613671635
54,1.12119588593,0.0469387653087,0.457404705922
55,-0.386818374854,5.23736140965,33.1465205289
56,1.41394854037,52.2516870782,203.582987717
57,0.365403292891,280.236690827,559.937744051
